29043
15637
18383
32215
32658
18113
19132
28823
1813
25695
29717
13317
25542
2941
13610
5053
13905
22026
840
13502
21783
27609
13886
19512
593
2676
23241
30542
6438
7165
5853
2713
22802
24237
2161
22692
9582
21293
18747
11396
14221
15697
24714
6996
18638
5556
12049
32543
27582
12890
13277
16598
7731
27164
3343
8324
29841
26585
6099
3511
982
11952
6225
23784
3421
8386
13708
13004
29680
32456
24401
11134
15386
16347
18130
1256
21904
30180
1032
16719
10303
14310
549
18034
8706
3893
26359
5779
30478
32458
9291
31460
11643
15517
22476
15065
23904
3417
28070
20817
